Results
test_emd: 65.96258366682596
train_emd: 51.00552644376061
test_nll: 2.253035545349121
train_nll: 2.251521348953247
test_chamfer: 10.780527114868164
train_chamfer: 21.069238662719727
