Results
test_emd: 45.66442485000211
train_emd: 42.958963065219
test_nll: 2.2534334659576416
train_nll: 2.2520549297332764
test_chamfer: 10.912766456604004
train_chamfer: 21.278154373168945
