Results
test_emd: 43.27535974489932
train_emd: 57.8450350955125
test_nll: 2.2540652751922607
train_nll: 2.251232624053955
test_chamfer: 10.971925735473633
train_chamfer: 21.4508056640625
