Results
test_emd: 56.49409266761073
train_emd: 57.44339109067607
test_nll: 2.6221559047698975
train_nll: 2.6122944355010986
test_chamfer: 30.614294052124023
train_chamfer: 60.51432418823242
