Results
test_emd: 63.5597758580914
train_emd: 65.614553344204
test_nll: 2.626882314682007
train_nll: 2.6184167861938477
test_chamfer: 30.410228729248047
train_chamfer: 60.261009216308594
