Results
test_emd: 57.03974331276127
train_emd: 57.723970910275526
test_nll: 2.6266660690307617
train_nll: 2.6169724464416504
test_chamfer: 29.820026397705078
train_chamfer: 60.01625442504883
